region_flank_5 <- 50000
region_flank_3 <- 50000